%% ADA_setup 

%tb stands for table
%rb stands for robot base
%e stands for end-effector

T_rb2e = [ 0.17204489, 0.92307624, 0.34399246, 0.30668217;
        -0.98334561, 0.18169585, 0.00424561, -0.31349757;
        -0.05858298, -0.33899391, 0.93896281, 0.34429037;
         0. , 0. , 0. , 1. ];

T_e2c = [    0.9754    0.2206         0   -0.047;
            -0.2206    0.9754         0    0.050;
                  0         0    1.0000   -0.090;
                  0         0          0       1];

T_tb2rb = [ 1 0 0       0;
            0 1 0       0;
            0 0 1 0.0370078;
            0 0 0       1];

T_tb2tag = [1 0 0    0;
            0 1 0    0;
            0 0 1 0.03;
            0 0 0    1];


